
SUMMARISING RUN PARAMETERS
==========================
Input filename: XFTP_0040_1.fastq
Trimming mode: paired-end
Trim Galore version: 0.6.10
Cutadapt version: 4.8
Python version: 3.10.12
Number of cores used for trimming: 8
Quality Phred score cutoff: 30
Quality encoding type selected: ASCII+33
Adapter sequence: 'AGATCGGAAGAGC' (Illumina TruSeq, Sanger iPCR; user defined)
Maximum trimming error rate: 0.1 (default)
Minimum required adapter overlap (stringency): 1 bp
Minimum required sequence length for both reads before a sequence pair gets removed: 50 bp
Running FastQC on the data once trimming has completed


This is cutadapt 4.8 with Python 3.10.12
Command line parameters: -j 8 -e 0.1 -q 30 -O 1 -a AGATCGGAAGAGC XFTP_0040_1.fastq
Processing single-end reads on 8 cores ...
Finished in 199.520 s (3.213 µs/read; 18.67 M reads/minute).

=== Summary ===

Total reads processed:              62,091,067
Reads with adapters:                36,145,662 (58.2%)
Reads written (passing filters):    62,091,067 (100.0%)

Total basepairs processed: 9,375,751,117 bp
Quality-trimmed:             164,512,142 bp (1.8%)
Total written (filtered):  8,233,086,722 bp (87.8%)

=== Adapter 1 ===

Sequence: AGATCGGAAGAGC; Type: regular 3'; Length: 13; Trimmed: 36145662 times

Minimum overlap: 1
No. of allowed errors:
1-9 bp: 0; 10-13 bp: 1

Bases preceding removed adapters:
  A: 30.1%
  C: 21.9%
  G: 16.6%
  T: 31.4%
  none/other: 0.0%

Overview of removed sequences
length	count	expect	max.err	error counts
1	12949502	15522766.8	0	12949502
2	2324209	3880691.7	0	2324209
3	992750	970172.9	0	992750
4	432208	242543.2	0	432208
5	327733	60635.8	0	327733
6	218177	15159.0	0	218177
7	188095	3789.7	0	188095
8	263731	947.4	0	263731
9	246023	236.9	0	244344 1679
10	212730	59.2	1	206248 6482
11	234540	14.8	1	223399 11141
12	275643	3.7	1	265733 9910
13	184321	0.9	1	175274 9047
14	242687	0.9	1	229875 12812
15	240671	0.9	1	230490 10181
16	237723	0.9	1	224993 12730
17	312754	0.9	1	296449 16305
18	239390	0.9	1	230306 9084
19	169843	0.9	1	162880 6963
20	235537	0.9	1	226147 9390
21	267709	0.9	1	255789 11920
22	201845	0.9	1	194710 7135
23	264789	0.9	1	253010 11779
24	228767	0.9	1	215809 12958
25	245210	0.9	1	234890 10320
26	212244	0.9	1	204098 8146
27	262992	0.9	1	250570 12422
28	220965	0.9	1	211775 9190
29	249085	0.9	1	236378 12707
30	276281	0.9	1	267130 9151
31	159805	0.9	1	153233 6572
32	243942	0.9	1	234597 9345
33	218501	0.9	1	207982 10519
34	236989	0.9	1	227368 9621
35	297581	0.9	1	281881 15700
36	184063	0.9	1	176532 7531
37	253108	0.9	1	241405 11703
38	259358	0.9	1	249514 9844
39	198997	0.9	1	189193 9804
40	281644	0.9	1	268344 13300
41	261987	0.9	1	251164 10823
42	215834	0.9	1	207894 7940
43	434776	0.9	1	420191 14585
44	239462	0.9	1	226351 13111
45	1462092	0.9	1	1431861 30231
46	135459	0.9	1	127679 7780
47	119121	0.9	1	112686 6435
48	422311	0.9	1	410926 11385
49	238489	0.9	1	231422 7067
50	90150	0.9	1	85041 5109
51	321034	0.9	1	311337 9697
52	159758	0.9	1	154769 4989
53	127691	0.9	1	121632 6059
54	219448	0.9	1	212504 6944
55	270426	0.9	1	260820 9606
56	115648	0.9	1	111570 4078
57	163994	0.9	1	157841 6153
58	120222	0.9	1	115715 4507
59	139532	0.9	1	135113 4419
60	46879	0.9	1	44344 2535
61	46731	0.9	1	43330 3401
62	193687	0.9	1	188132 5555
63	70354	0.9	1	67269 3085
64	52137	0.9	1	49474 2663
65	77708	0.9	1	74030 3678
66	127232	0.9	1	123554 3678
67	37424	0.9	1	34863 2561
68	91089	0.9	1	87763 3326
69	53539	0.9	1	50756 2783
70	32817	0.9	1	30960 1857
71	4109	0.9	1	3324 785
72	12629	0.9	1	11375 1254
73	53961	0.9	1	51775 2186
74	96951	0.9	1	93360 3591
75	122848	0.9	1	118622 4226
76	132264	0.9	1	127545 4719
77	133805	0.9	1	128904 4901
78	134933	0.9	1	129788 5145
79	133464	0.9	1	128507 4957
80	132571	0.9	1	127440 5131
81	129287	0.9	1	124393 4894
82	126421	0.9	1	121389 5032
83	124476	0.9	1	119367 5109
84	121997	0.9	1	116958 5039
85	120351	0.9	1	115101 5250
86	116706	0.9	1	111475 5231
87	114251	0.9	1	109173 5078
88	112723	0.9	1	107538 5185
89	110367	0.9	1	105252 5115
90	107191	0.9	1	102222 4969
91	105168	0.9	1	100102 5066
92	102538	0.9	1	97683 4855
93	99588	0.9	1	94812 4776
94	96836	0.9	1	92097 4739
95	94532	0.9	1	89866 4666
96	91690	0.9	1	86926 4764
97	89709	0.9	1	84988 4721
98	88091	0.9	1	83448 4643
99	85147	0.9	1	80712 4435
100	82830	0.9	1	78344 4486
101	80937	0.9	1	76471 4466
102	79015	0.9	1	74474 4541
103	76365	0.9	1	71841 4524
104	73660	0.9	1	69282 4378
105	71434	0.9	1	67026 4408
106	69498	0.9	1	65328 4170
107	67948	0.9	1	63620 4328
108	65305	0.9	1	61154 4151
109	63375	0.9	1	59294 4081
110	62328	0.9	1	58189 4139
111	60263	0.9	1	56121 4142
112	58696	0.9	1	54492 4204
113	57233	0.9	1	52780 4453
114	54970	0.9	1	50743 4227
115	53149	0.9	1	48970 4179
116	51444	0.9	1	47428 4016
117	49812	0.9	1	45964 3848
118	47943	0.9	1	44274 3669
119	45924	0.9	1	42232 3692
120	43818	0.9	1	40261 3557
121	42107	0.9	1	38596 3511
122	39569	0.9	1	36030 3539
123	37837	0.9	1	34209 3628
124	36260	0.9	1	32360 3900
125	35008	0.9	1	30863 4145
126	32169	0.9	1	27983 4186
127	30804	0.9	1	26620 4184
128	27696	0.9	1	24518 3178
129	23900	0.9	1	21308 2592
130	20424	0.9	1	18382 2042
131	17355	0.9	1	15628 1727
132	14257	0.9	1	12781 1476
133	12860	0.9	1	11509 1351
134	13387	0.9	1	11990 1397
135	13116	0.9	1	11870 1246
136	12292	0.9	1	11155 1137
137	10096	0.9	1	9130 966
138	8869	0.9	1	8070 799
139	7020	0.9	1	6316 704
140	5982	0.9	1	5316 666
141	3267	0.9	1	2723 544
142	2075	0.9	1	1683 392
143	1026	0.9	1	757 269
144	1110	0.9	1	835 275
145	968	0.9	1	672 296
146	1141	0.9	1	807 334
147	983	0.9	1	647 336
148	825	0.9	1	543 282
149	1035	0.9	1	729 306
150	1109	0.9	1	743 366
151	1391	0.9	1	848 543

RUN STATISTICS FOR INPUT FILE: XFTP_0040_1.fastq
=============================================
62091067 sequences processed in total

