
SUMMARISING RUN PARAMETERS
==========================
Input filename: XFTP_0040_2.fastq
Trimming mode: paired-end
Trim Galore version: 0.6.10
Cutadapt version: 4.8
Python version: 3.10.12
Number of cores used for trimming: 8
Quality Phred score cutoff: 30
Quality encoding type selected: ASCII+33
Adapter sequence: 'AGATCGGAAGAGC' (Illumina TruSeq, Sanger iPCR; user defined)
Maximum trimming error rate: 0.1 (default)
Minimum required adapter overlap (stringency): 1 bp
Minimum required sequence length for both reads before a sequence pair gets removed: 50 bp
Running FastQC on the data once trimming has completed


This is cutadapt 4.8 with Python 3.10.12
Command line parameters: -j 8 -e 0.1 -q 30 -O 1 -a AGATCGGAAGAGC XFTP_0040_2.fastq
Processing single-end reads on 8 cores ...
Finished in 191.570 s (3.085 µs/read; 19.45 M reads/minute).

=== Summary ===

Total reads processed:              62,091,067
Reads with adapters:                35,834,551 (57.7%)
Reads written (passing filters):    62,091,067 (100.0%)

Total basepairs processed: 9,375,751,117 bp
Quality-trimmed:             207,719,540 bp (2.2%)
Total written (filtered):  8,174,922,888 bp (87.2%)

=== Adapter 1 ===

Sequence: AGATCGGAAGAGC; Type: regular 3'; Length: 13; Trimmed: 35834551 times

Minimum overlap: 1
No. of allowed errors:
1-9 bp: 0; 10-13 bp: 1

Bases preceding removed adapters:
  A: 29.9%
  C: 22.0%
  G: 16.8%
  T: 31.3%
  none/other: 0.1%

Overview of removed sequences
length	count	expect	max.err	error counts
1	12727247	15522766.8	0	12727247
2	2354904	3880691.7	0	2354904
3	995879	970172.9	0	995879
4	418920	242543.2	0	418920
5	318594	60635.8	0	318594
6	222314	15159.0	0	222314
7	211401	3789.7	0	211401
8	291809	947.4	0	291809
9	206866	236.9	0	205440 1426
10	235159	59.2	1	226606 8553
11	217881	14.8	1	208707 9174
12	247072	3.7	1	235445 11627
13	270648	0.9	1	259267 11381
14	284975	0.9	1	272105 12870
15	187136	0.9	1	179343 7793
16	267514	0.9	1	257209 10305
17	301858	0.9	1	289545 12313
18	141870	0.9	1	135457 6413
19	293179	0.9	1	281293 11886
20	219190	0.9	1	210950 8240
21	169579	0.9	1	162433 7146
22	227583	0.9	1	218262 9321
23	239026	0.9	1	229026 10000
24	249627	0.9	1	239607 10020
25	280852	0.9	1	271134 9718
26	206343	0.9	1	197400 8943
27	235372	0.9	1	224253 11119
28	219957	0.9	1	213115 6842
29	226286	0.9	1	218043 8243
30	199611	0.9	1	192862 6749
31	262563	0.9	1	253330 9233
32	192793	0.9	1	186172 6621
33	249968	0.9	1	240953 9015
34	219840	0.9	1	210820 9020
35	232458	0.9	1	224498 7960
36	208802	0.9	1	202450 6352
37	264247	0.9	1	255034 9213
38	189586	0.9	1	182679 6907
39	238375	0.9	1	229509 8866
40	285599	0.9	1	276939 8660
41	140237	0.9	1	135449 4788
42	236347	0.9	1	229150 7197
43	196150	0.9	1	189569 6581
44	195788	0.9	1	189727 6061
45	222651	0.9	1	215139 7512
46	272817	0.9	1	264263 8554
47	186255	0.9	1	180531 5724
48	180391	0.9	1	174272 6119
49	225850	0.9	1	219129 6721
50	175919	0.9	1	170452 5467
51	187374	0.9	1	182178 5196
52	206743	0.9	1	200575 6168
53	202382	0.9	1	195739 6643
54	254449	0.9	1	246440 8009
55	155360	0.9	1	150386 4974
56	221003	0.9	1	213521 7482
57	269250	0.9	1	261044 8206
58	141256	0.9	1	136270 4986
59	160339	0.9	1	155571 4768
60	219521	0.9	1	213099 6422
61	201972	0.9	1	195732 6240
62	153735	0.9	1	148313 5422
63	361020	0.9	1	352108 8912
64	134445	0.9	1	129988 4457
65	148595	0.9	1	144040 4555
66	117442	0.9	1	113681 3761
67	166016	0.9	1	161456 4560
68	172079	0.9	1	166829 5250
69	155090	0.9	1	150317 4773
70	150829	0.9	1	146252 4577
71	164785	0.9	1	159475 5310
72	164690	0.9	1	159282 5408
73	249613	0.9	1	242829 6784
74	230417	0.9	1	224719 5698
75	347197	0.9	1	341098 6099
76	182717	0.9	1	178898 3819
77	72099	0.9	1	69127 2972
78	90993	0.9	1	87501 3492
79	95956	0.9	1	92082 3874
80	100674	0.9	1	96597 4077
81	100892	0.9	1	96634 4258
82	101200	0.9	1	97093 4107
83	107919	0.9	1	103271 4648
84	103336	0.9	1	98968 4368
85	108484	0.9	1	103545 4939
86	97361	0.9	1	93137 4224
87	93092	0.9	1	89017 4075
88	91331	0.9	1	87637 3694
89	92069	0.9	1	88493 3576
90	92966	0.9	1	89393 3573
91	87554	0.9	1	84153 3401
92	87610	0.9	1	84225 3385
93	85446	0.9	1	81865 3581
94	79275	0.9	1	75935 3340
95	80159	0.9	1	76818 3341
96	79344	0.9	1	75972 3372
97	77497	0.9	1	74098 3399
98	80500	0.9	1	76985 3515
99	80521	0.9	1	77031 3490
100	77483	0.9	1	74109 3374
101	69725	0.9	1	66424 3301
102	65978	0.9	1	62806 3172
103	62387	0.9	1	59234 3153
104	59990	0.9	1	56836 3154
105	61190	0.9	1	58089 3101
106	58849	0.9	1	55559 3290
107	58118	0.9	1	54956 3162
108	56969	0.9	1	53783 3186
109	53289	0.9	1	49935 3354
110	54373	0.9	1	51064 3309
111	51913	0.9	1	48494 3419
112	53344	0.9	1	49814 3530
113	53495	0.9	1	49803 3692
114	52000	0.9	1	48576 3424
115	51363	0.9	1	47823 3540
116	49631	0.9	1	46196 3435
117	44382	0.9	1	41123 3259
118	43378	0.9	1	40343 3035
119	41289	0.9	1	38412 2877
120	39859	0.9	1	36960 2899
121	38562	0.9	1	35723 2839
122	35798	0.9	1	32739 3059
123	34905	0.9	1	31950 2955
124	33487	0.9	1	30174 3313
125	32848	0.9	1	29235 3613
126	30018	0.9	1	26249 3769
127	28133	0.9	1	24457 3676
128	25714	0.9	1	22640 3074
129	21282	0.9	1	18741 2541
130	18897	0.9	1	16723 2174
131	16087	0.9	1	14127 1960
132	13500	0.9	1	11709 1791
133	12552	0.9	1	10768 1784
134	12936	0.9	1	11035 1901
135	12854	0.9	1	11198 1656
136	12008	0.9	1	10564 1444
137	9914	0.9	1	8754 1160
138	8500	0.9	1	7554 946
139	6882	0.9	1	6060 822
140	5746	0.9	1	4995 751
141	3208	0.9	1	2605 603
142	2035	0.9	1	1618 417
143	1090	0.9	1	725 365
144	1105	0.9	1	734 371
145	1004	0.9	1	609 395
146	1209	0.9	1	727 482
147	1090	0.9	1	568 522
148	863	0.9	1	425 438
149	1044	0.9	1	552 492
150	1150	0.9	1	619 531
151	1240	0.9	1	766 474

RUN STATISTICS FOR INPUT FILE: XFTP_0040_2.fastq
=============================================
62091067 sequences processed in total

Total number of sequences analysed for the sequence pair length validation: 62091067

Number of sequence pairs removed because at least one read was shorter than the length cutoff (50 bp): 3128941 (5.04%)
